-1.09989569751e-215
1.63220609831e+29
7.74391627184e+241
5.44594879006e-120
9.29848943664e+242
7.74391689075e+241
2.2794457669e+179
1.88244177298e+179
5.89244464409e-96
6.013470017e-154
3.74762175641e-275
-7.59912432747e+265
-1.16647720918e+285
-3.45900383872e-219
-1.33148262558e+174
-4.73550304176e-69
2.6921963339e+27
4.79548255249e+255
-1.0919585922e-25
10783029.1374
-3.977852796e-267
4.01442780014e+217
2.81106198711e-169
5.32746512122e+216
-4.46854069487e+272
3.94016199518e+81
-3.70010888884e+282
6.74338577767e+101
-6.67538149568e-214
2.19631601724e-83
-4.71903876441e+187
1.15114403938e+104
2.74245065245e+76
7.54420006257e+210
-2.89880885955e+85
-1.46478770252e+16
8.47315241228e+127
5.30383195926e-75
1.50970824671e+133
1.76145334282e-50
5.98968020699e+158
5.54950360133e+230
3.22440644087e-153
-3.22073734271e-303
-1.88178695662e-308
1.10457398713e-141
9.04791609676e+259
426631071.402
-6.90801205224e-200
-6.49699063137e+56
-8.72327865047e+96
-1.59555735466e-251
-2.42745597588e-86
1.19109321127e-28
-3.96265693297e+212
-1.25798906947e-94
-5.64026906381e-80
-1.57558979569e+65
-4.63805554522e-180
2.90903860969e+30
-2.64910976007e+206
1.29588556575e+277
-2.18008354635e+228
-0.0254021339005
-1.6691587007e-06
1.84237356069e-111
-4.92695660336e-33
-2.01467015677e+300
-7.144774719e-42
-1.2414611508e+135
3.27453192221e-273
1.02974952964e-201
-1.98552394087e+128
6.23554994245e-37
7.71408320409e+110
-5.43371189007e-290
-3.81505213668e+100
-9.26855026105e-148
4.63139788984e-76
8.89471464309e-215
-8.35720873924e-14
3.9566546484e+239
5.32595430624e+72
4.36078069168e-259
5.81951998773e-39
5.18179773877e-199
-1.16647712944e+285
-2.71283597915e-86
3.32262363183e+18
-2.61409523641e-159
1.06837671806e-139
-1.30143807033e+100
3.16915544369e+300
2.99098176625e-241
-2.29490087974e+57
9.05135664225e+127
6.39808900845e-109
-3.00023448608e-72
-1.4918993516e-238
5.71460003567e+171
7.90308783279e-95
-2.95143907278e+205
9.74619255162e+162
-9.32404384362e+159
2.3801321676e+151
-7.71163244507e+59
2.44738767416e+236
-2.3021303932e-148
-1.19105891547e-242
-1.69275324462e+274
9.93394061131e+162
5.56541955685e-257
47456233140.9
-4455.80998861
6.60509450308e-192
2.22088894467e-206
1.6364893892e-198
-1.76495835614e+166
-2.29471520726e-54
1.9811821119e-84
1.83056355009e+147
2.00264002403e-256
2.66445274745e-193
-8.70428115606e-258
3.16964829771e-155
-1.8610899057e+300
1.54288897975e-233
-6.51644196165e+191
4.04174574193e+252
1.16372141521e-92
7.8626914124e-22
6.57002502595e-144
7.2727383329e-70
-2.01466984747e+300
6.54137195299e-98
-6.81610961718e-251
8.51072823291e+78
-7.1755904197e-53
4.89899516958e+267
-1.39574556412e-118
6.6504984122e+147
3.25607866766e-260
-3.24605032599e-207
4.52784353333e-309
7.73256171512e+53
-1.3399292203e-32
2.10533113701e-170
7.24214658969e+236
-6.88232076963e-270
-1.89306251782e-91
-8.54526173152e-175
-1.18367252011e-119
-2.76389901479e+256
9.21079104571e-226
0.00494527067956
1.7001530394e-26
4.01664808725e-199
-4.17548358073e-46
2.5028473907e+173
1.40997780193e+194
-1.02572210149e+161
3.1952570392e-129
-2.39594119068e-210
-0.296505060439
-7.6769595676e+191
1.155127112e+287
-1.741499402e+265
2.22208089439e+123
1.32547432047e+240
1.22464197757e-234
-3.85580203407e+174
1.78974335253e+50
2.09223786359e-47
-1.95415921935e+104
-1.39482735454e-215
5.37019425303e-123
-1.292435131e-97
3.71996925922e+104
2.18595290053e+37